# z_left p([z_left, z_right])
0.000000000000000000e+00	0.000000000000000000e+00
1.568627543747425079e-02	0.000000000000000000e+00
3.137255087494850159e-02	0.000000000000000000e+00
4.705882817506790161e-02	0.000000000000000000e+00
6.274510174989700317e-02	0.000000000000000000e+00
7.843137532472610474e-02	0.000000000000000000e+00
9.411765635013580322e-02	0.000000000000000000e+00
1.098039299249649048e-01	0.000000000000000000e+00
1.254902034997940063e-01	0.000000000000000000e+00
1.411764770746231079e-01	0.000000000000000000e+00
1.568627506494522095e-01	0.000000000000000000e+00
1.725490242242813110e-01	0.000000000000000000e+00
1.882353127002716064e-01	0.000000000000000000e+00
2.039215862751007080e-01	0.000000000000000000e+00
2.196078598499298096e-01	0.000000000000000000e+00
2.352941334247589111e-01	0.000000000000000000e+00
2.509804069995880127e-01	0.000000000000000000e+00
2.666666805744171143e-01	0.000000000000000000e+00
2.823529541492462158e-01	0.000000000000000000e+00
2.980392277240753174e-01	0.000000000000000000e+00
3.137255012989044189e-01	0.000000000000000000e+00
3.294117748737335205e-01	0.000000000000000000e+00
3.450980484485626221e-01	1.632503540349716786e-06
3.607843220233917236e-01	5.563423428611713462e-07
3.764706254005432129e-01	3.970146735809976235e-06
3.921568989753723145e-01	2.133763337042182684e-05
4.078431725502014160e-01	7.838874444132670760e-05
4.235294461250305176e-01	2.658609300851821899e-04
4.392157196998596191e-01	8.326047682203352451e-04
4.549019932746887207e-01	2.387081971392035484e-03
4.705882668495178223e-01	6.275374908000230789e-03
4.862745404243469238e-01	1.522188633680343628e-02
5.019608139991760254e-01	3.424799442291259766e-02
5.176470875740051270e-01	7.179515063762664795e-02
5.333333611488342285e-01	1.408375799655914307e-01
5.490196347236633301e-01	2.595660686492919922e-01
5.647059082984924316e-01	4.512011408805847168e-01
5.803921818733215332e-01	7.424995899200439453e-01
5.960784554481506348e-01	1.160810708999633789e+00
6.117647290229797363e-01	1.729974150657653809e+00
6.274510025978088379e-01	2.465758323669433594e+00
6.431372761726379395e-01	3.371785402297973633e+00
6.588235497474670410e-01	4.437024593353271484e+00
6.745098233222961426e-01	5.635407924652099609e+00
6.901960968971252441e-01	6.927896976470947266e+00
7.058823704719543457e-01	8.266503334045410156e+00
7.215686440467834473e-01	9.599505424499511719e+00
7.372549176216125488e-01	1.087680530548095703e+01
7.529412508010864258e-01	1.205445957183837891e+01
7.686275243759155273e-01	1.309769153594970703e+01
7.843137979507446289e-01	1.398220634460449219e+01
8.000000715255737305e-01	1.469369983673095703e+01
8.156863451004028320e-01	1.522632789611816406e+01
8.313726186752319336e-01	1.558031845092773438e+01
8.470588922500610352e-01	1.575970363616943359e+01
8.627451658248901367e-01	1.577035713195800781e+01
8.784314393997192383e-01	1.561888885498046875e+01
8.941177129745483398e-01	1.531228351593017578e+01
9.098039865493774414e-01	1.485838127136230469e+01
9.254902601242065430e-01	1.426663875579833984e+01
9.411765336990356445e-01	1.354919147491455078e+01
9.568628072738647461e-01	1.272153186798095703e+01
9.725490808486938477e-01	1.180286312103271484e+01
9.882353544235229492e-01	1.081572818756103516e+01
1.003921627998352051e+00	9.785181045532226562e+00
1.019607901573181152e+00	8.737455368041992188e+00
1.035294175148010254e+00	7.698375225067138672e+00
1.050980448722839355e+00	6.691851615905761719e+00
1.066666722297668457e+00	5.738502502441406250e+00
1.082352995872497559e+00	4.854701995849609375e+00
1.098039269447326660e+00	4.052068710327148438e+00
1.113725543022155762e+00	3.337382316589355469e+00
1.129411816596984863e+00	2.712929487228393555e+00
1.145098090171813965e+00	2.177119255065917969e+00
1.160784363746643066e+00	1.725283622741699219e+00
1.176470637321472168e+00	1.350542545318603516e+00
1.192156910896301270e+00	1.044651269912719727e+00
1.207843184471130371e+00	7.987346053123474121e-01
1.223529458045959473e+00	6.038904190063476562e-01
1.239215731620788574e+00	4.516497254371643066e-01
1.254902005195617676e+00	3.342690765857696533e-01
1.270588278770446777e+00	2.449079751968383789e-01
1.286274552345275879e+00	1.777001172304153442e-01
1.301960825920104980e+00	1.277347654104232788e-01
1.317647099494934082e+00	9.099727123975753784e-02
1.333333373069763184e+00	6.426981091499328613e-02
1.349019646644592285e+00	4.501820728182792664e-02
1.364705920219421387e+00	3.128565102815628052e-02
1.380392193794250488e+00	2.157644368708133698e-02
1.396078467369079590e+00	1.477408874779939651e-02
1.411764740943908691e+00	1.004657614976167679e-02
1.427451014518737793e+00	6.787160877138376236e-03
1.443137288093566895e+00	4.555643070489168167e-03
1.458823561668395996e+00	3.040434326976537704e-03
1.474509835243225098e+00	2.017067279666662216e-03
1.490196108818054199e+00	1.330675790086388588e-03
1.505882501602172852e+00	8.739550830796360970e-04
1.521568775177001953e+00	5.707442178390920162e-04
1.537255048751831055e+00	3.704699629452079535e-04
1.552941322326660156e+00	2.398631622781977057e-04
1.568627595901489258e+00	1.553299080114811659e-04
1.584313869476318359e+00	9.945582860382273793e-05
1.600000143051147461e+00	6.389118789229542017e-05
1.615686416625976562e+00	4.091496521141380072e-05
1.631372690200805664e+00	2.628172842378262430e-05
1.647058963775634766e+00	1.687694202701095492e-05
1.662745237350463867e+00	1.100900954043027014e-05
1.678431510925292969e+00	6.347405815176898614e-06
1.694117784500122070e+00	3.763666654776898213e-06
1.709804058074951172e+00	2.393319164184504189e-06
1.725490331649780273e+00	1.260694602933654096e-06
1.741176605224609375e+00	5.285261295284726657e-07
1.756862878799438477e+00	3.446582752530957805e-07
1.772549152374267578e+00	5.056772351963445544e-07
1.788235425949096680e+00	-3.297287207715271506e-07
1.803921699523925781e+00	1.612436619780055480e-07
1.819607973098754883e+00	0.000000000000000000e+00
1.835294246673583984e+00	3.084410309384111315e-07
1.850980520248413086e+00	0.000000000000000000e+00
1.866666793823242188e+00	0.000000000000000000e+00
1.882353067398071289e+00	0.000000000000000000e+00
1.898039340972900391e+00	0.000000000000000000e+00
1.913725614547729492e+00	0.000000000000000000e+00
1.929411888122558594e+00	0.000000000000000000e+00
1.945098161697387695e+00	0.000000000000000000e+00
1.960784435272216797e+00	0.000000000000000000e+00
1.976470708847045898e+00	0.000000000000000000e+00
1.992156982421875000e+00	0.000000000000000000e+00
2.007843255996704102e+00	0.000000000000000000e+00
2.023529529571533203e+00	0.000000000000000000e+00
2.039215803146362305e+00	0.000000000000000000e+00
2.054902076721191406e+00	0.000000000000000000e+00
2.070588350296020508e+00	0.000000000000000000e+00
2.086274623870849609e+00	0.000000000000000000e+00
2.101960897445678711e+00	0.000000000000000000e+00
2.117647171020507812e+00	0.000000000000000000e+00
2.133333444595336914e+00	0.000000000000000000e+00
2.149019718170166016e+00	0.000000000000000000e+00
2.164705991744995117e+00	0.000000000000000000e+00
2.180392265319824219e+00	0.000000000000000000e+00
2.196078538894653320e+00	0.000000000000000000e+00
2.211764812469482422e+00	0.000000000000000000e+00
2.227451086044311523e+00	0.000000000000000000e+00
2.243137359619140625e+00	0.000000000000000000e+00
2.258823633193969727e+00	0.000000000000000000e+00
2.274509906768798828e+00	0.000000000000000000e+00
2.290196180343627930e+00	0.000000000000000000e+00
2.305882453918457031e+00	0.000000000000000000e+00
2.321568727493286133e+00	0.000000000000000000e+00
2.337255001068115234e+00	0.000000000000000000e+00
2.352941274642944336e+00	0.000000000000000000e+00
2.368627548217773438e+00	0.000000000000000000e+00
2.384313821792602539e+00	0.000000000000000000e+00
2.400000095367431641e+00	0.000000000000000000e+00
2.415686368942260742e+00	0.000000000000000000e+00
2.431372642517089844e+00	0.000000000000000000e+00
2.447058916091918945e+00	0.000000000000000000e+00
2.462745189666748047e+00	0.000000000000000000e+00
2.478431463241577148e+00	0.000000000000000000e+00
2.494117736816406250e+00	0.000000000000000000e+00
2.509804010391235352e+00	0.000000000000000000e+00
2.525490283966064453e+00	0.000000000000000000e+00
2.541176557540893555e+00	0.000000000000000000e+00
2.556862831115722656e+00	0.000000000000000000e+00
2.572549104690551758e+00	0.000000000000000000e+00
2.588235378265380859e+00	0.000000000000000000e+00
2.603921651840209961e+00	0.000000000000000000e+00
2.619607925415039062e+00	0.000000000000000000e+00
2.635294198989868164e+00	0.000000000000000000e+00
2.650980472564697266e+00	0.000000000000000000e+00
2.666666746139526367e+00	0.000000000000000000e+00
2.682353019714355469e+00	0.000000000000000000e+00
2.698039293289184570e+00	0.000000000000000000e+00
2.713725566864013672e+00	0.000000000000000000e+00
2.729411840438842773e+00	0.000000000000000000e+00
2.745098114013671875e+00	0.000000000000000000e+00
2.760784387588500977e+00	0.000000000000000000e+00
2.776470661163330078e+00	0.000000000000000000e+00
2.792156934738159180e+00	0.000000000000000000e+00
2.807843208312988281e+00	0.000000000000000000e+00
2.823529481887817383e+00	0.000000000000000000e+00
2.839215755462646484e+00	0.000000000000000000e+00
2.854902029037475586e+00	0.000000000000000000e+00
2.870588302612304688e+00	0.000000000000000000e+00
2.886274576187133789e+00	0.000000000000000000e+00
2.901960849761962891e+00	0.000000000000000000e+00
2.917647123336791992e+00	0.000000000000000000e+00
2.933333396911621094e+00	0.000000000000000000e+00
2.949019670486450195e+00	0.000000000000000000e+00
2.964705944061279297e+00	0.000000000000000000e+00
2.980392217636108398e+00	0.000000000000000000e+00
2.996078491210937500e+00	0.000000000000000000e+00
3.011765003204345703e+00	0.000000000000000000e+00
3.027451276779174805e+00	0.000000000000000000e+00
3.043137550354003906e+00	0.000000000000000000e+00
3.058823823928833008e+00	0.000000000000000000e+00
3.074510097503662109e+00	0.000000000000000000e+00
3.090196371078491211e+00	0.000000000000000000e+00
3.105882644653320312e+00	0.000000000000000000e+00
3.121568918228149414e+00	0.000000000000000000e+00
3.137255191802978516e+00	0.000000000000000000e+00
3.152941465377807617e+00	0.000000000000000000e+00
3.168627738952636719e+00	0.000000000000000000e+00
3.184314012527465820e+00	0.000000000000000000e+00
3.200000286102294922e+00	0.000000000000000000e+00
3.215686559677124023e+00	0.000000000000000000e+00
3.231372833251953125e+00	0.000000000000000000e+00
3.247059106826782227e+00	0.000000000000000000e+00
3.262745380401611328e+00	0.000000000000000000e+00
3.278431653976440430e+00	0.000000000000000000e+00
3.294117927551269531e+00	0.000000000000000000e+00
3.309804201126098633e+00	0.000000000000000000e+00
3.325490474700927734e+00	0.000000000000000000e+00
3.341176748275756836e+00	0.000000000000000000e+00
3.356863021850585938e+00	0.000000000000000000e+00
3.372549295425415039e+00	0.000000000000000000e+00
3.388235569000244141e+00	0.000000000000000000e+00
3.403921842575073242e+00	0.000000000000000000e+00
3.419608116149902344e+00	0.000000000000000000e+00
3.435294389724731445e+00	0.000000000000000000e+00
3.450980663299560547e+00	0.000000000000000000e+00
3.466666936874389648e+00	0.000000000000000000e+00
3.482353210449218750e+00	0.000000000000000000e+00
3.498039484024047852e+00	0.000000000000000000e+00
3.513725757598876953e+00	0.000000000000000000e+00
3.529412031173706055e+00	0.000000000000000000e+00
3.545098304748535156e+00	0.000000000000000000e+00
3.560784578323364258e+00	0.000000000000000000e+00
3.576470851898193359e+00	0.000000000000000000e+00
3.592157125473022461e+00	0.000000000000000000e+00
3.607843399047851562e+00	0.000000000000000000e+00
3.623529672622680664e+00	0.000000000000000000e+00
3.639215946197509766e+00	0.000000000000000000e+00
3.654902219772338867e+00	0.000000000000000000e+00
3.670588493347167969e+00	0.000000000000000000e+00
3.686274766921997070e+00	0.000000000000000000e+00
3.701961040496826172e+00	0.000000000000000000e+00
3.717647314071655273e+00	0.000000000000000000e+00
3.733333587646484375e+00	0.000000000000000000e+00
3.749019861221313477e+00	0.000000000000000000e+00
3.764706134796142578e+00	0.000000000000000000e+00
3.780392408370971680e+00	0.000000000000000000e+00
3.796078681945800781e+00	0.000000000000000000e+00
3.811764955520629883e+00	0.000000000000000000e+00
3.827451229095458984e+00	0.000000000000000000e+00
3.843137502670288086e+00	0.000000000000000000e+00
3.858823776245117188e+00	0.000000000000000000e+00
3.874510049819946289e+00	0.000000000000000000e+00
3.890196323394775391e+00	0.000000000000000000e+00
3.905882596969604492e+00	0.000000000000000000e+00
3.921568870544433594e+00	0.000000000000000000e+00
3.937255144119262695e+00	0.000000000000000000e+00
3.952941417694091797e+00	0.000000000000000000e+00
3.968627691268920898e+00	0.000000000000000000e+00
3.984313964843750000e+00	0.000000000000000000e+00
4.000000000000000000e+00	0.000000000000000000e+00
