# z_left p([z_left, z_right])
0.000000000000000000e+00	0.000000000000000000e+00
1.568627543747425079e-02	0.000000000000000000e+00
3.137255087494850159e-02	0.000000000000000000e+00
4.705882817506790161e-02	0.000000000000000000e+00
6.274510174989700317e-02	0.000000000000000000e+00
7.843137532472610474e-02	0.000000000000000000e+00
9.411765635013580322e-02	0.000000000000000000e+00
1.098039299249649048e-01	0.000000000000000000e+00
1.254902034997940063e-01	0.000000000000000000e+00
1.411764770746231079e-01	0.000000000000000000e+00
1.568627506494522095e-01	0.000000000000000000e+00
1.725490242242813110e-01	0.000000000000000000e+00
1.882353127002716064e-01	0.000000000000000000e+00
2.039215862751007080e-01	0.000000000000000000e+00
2.196078598499298096e-01	0.000000000000000000e+00
2.352941334247589111e-01	0.000000000000000000e+00
2.509804069995880127e-01	0.000000000000000000e+00
2.666666805744171143e-01	0.000000000000000000e+00
2.823529541492462158e-01	0.000000000000000000e+00
2.980392277240753174e-01	0.000000000000000000e+00
3.137255012989044189e-01	0.000000000000000000e+00
3.294117748737335205e-01	0.000000000000000000e+00
3.450980484485626221e-01	0.000000000000000000e+00
3.607843220233917236e-01	0.000000000000000000e+00
3.764706254005432129e-01	0.000000000000000000e+00
3.921568989753723145e-01	0.000000000000000000e+00
4.078431725502014160e-01	0.000000000000000000e+00
4.235294461250305176e-01	0.000000000000000000e+00
4.392157196998596191e-01	0.000000000000000000e+00
4.549019932746887207e-01	0.000000000000000000e+00
4.705882668495178223e-01	0.000000000000000000e+00
4.862745404243469238e-01	0.000000000000000000e+00
5.019608139991760254e-01	0.000000000000000000e+00
5.176470875740051270e-01	0.000000000000000000e+00
5.333333611488342285e-01	0.000000000000000000e+00
5.490196347236633301e-01	0.000000000000000000e+00
5.647059082984924316e-01	0.000000000000000000e+00
5.803921818733215332e-01	0.000000000000000000e+00
5.960784554481506348e-01	6.074001248634885997e-07
6.117647290229797363e-01	1.814418055801070295e-06
6.274510025978088379e-01	1.203416104544885457e-06
6.431372761726379395e-01	1.375730516883777454e-05
6.588235497474670410e-01	3.921382085536606610e-05
6.745098233222961426e-01	1.132333927671425045e-04
6.901960968971252441e-01	3.071257378906011581e-04
7.058823704719543457e-01	7.898400072008371353e-04
7.215686440467834473e-01	1.899929135106503963e-03
7.372549176216125488e-01	4.301040433347225189e-03
7.529412508010864258e-01	9.193077683448791504e-03
7.686275243759155273e-01	1.860450021922588348e-02
7.843137979507446289e-01	3.574676811695098877e-02
8.000000715255737305e-01	6.539209932088851929e-02
8.156863451004028320e-01	1.141600161790847778e-01
8.313726186752319336e-01	1.906691491603851318e-01
8.470588922500610352e-01	3.053638935089111328e-01
8.627451658248901367e-01	4.700012207031250000e-01
8.784314393997192383e-01	6.967206001281738281e-01
8.941177129745483398e-01	9.967711567878723145e-01
9.098039865493774414e-01	1.379051208496093750e+00
9.254902601242065430e-01	1.848651289939880371e+00
9.411765336990356445e-01	2.405679702758789062e+00
9.568628072738647461e-01	3.044550895690917969e+00
9.725490808486938477e-01	3.753925085067749023e+00
9.882353544235229492e-01	4.517295360565185547e+00
1.003921627998352051e+00	5.314197063446044922e+00
1.019607901573181152e+00	6.121837615966796875e+00
1.035294175148010254e+00	6.916894435882568359e+00
1.050980448722839355e+00	7.677318096160888672e+00
1.066666722297668457e+00	8.383825302124023438e+00
1.082352995872497559e+00	9.020994186401367188e+00
1.098039269447326660e+00	9.577902793884277344e+00
1.113725543022155762e+00	1.004820537567138672e+01
1.129411816596984863e+00	1.042990875244140625e+01
1.145098090171813965e+00	1.072471046447753906e+01
1.160784363746643066e+00	1.093722534179687500e+01
1.176470637321472168e+00	1.107405376434326172e+01
1.192156910896301270e+00	1.114294052124023438e+01
1.207843184471130371e+00	1.115194034576416016e+01
1.223529458045959473e+00	1.110877323150634766e+01
1.239215731620788574e+00	1.102032470703125000e+01
1.254902005195617676e+00	1.089229202270507812e+01
1.270588278770446777e+00	1.072902488708496094e+01
1.286274552345275879e+00	1.053348064422607422e+01
1.301960825920104980e+00	1.030737400054931641e+01
1.317647099494934082e+00	1.005140781402587891e+01
1.333333373069763184e+00	9.765546798706054688e+00
1.349019646644592285e+00	9.449426651000976562e+00
1.364705920219421387e+00	9.102745056152343750e+00
1.380392193794250488e+00	8.725598335266113281e+00
1.396078467369079590e+00	8.318843841552734375e+00
1.411764740943908691e+00	7.884297847747802734e+00
1.427451014518737793e+00	7.424884319305419922e+00
1.443137288093566895e+00	6.944660663604736328e+00
1.458823561668395996e+00	6.448708534240722656e+00
1.474509835243225098e+00	5.942935943603515625e+00
1.490196108818054199e+00	5.433811187744140625e+00
1.505882501602172852e+00	4.928059577941894531e+00
1.521568775177001953e+00	4.432312965393066406e+00
1.537255048751831055e+00	3.952810764312744141e+00
1.552941322326660156e+00	3.495106935501098633e+00
1.568627595901489258e+00	3.063869476318359375e+00
1.584313869476318359e+00	2.662753820419311523e+00
1.600000143051147461e+00	2.294305324554443359e+00
1.615686416625976562e+00	1.959993004798889160e+00
1.631372690200805664e+00	1.660256862640380859e+00
1.647058963775634766e+00	1.394628167152404785e+00
1.662745237350463867e+00	1.161869525909423828e+00
1.678431510925292969e+00	9.601385593414306641e-01
1.694117784500122070e+00	7.871419191360473633e-01
1.709804058074951172e+00	6.403040885925292969e-01
1.725490331649780273e+00	5.169039368629455566e-01
1.741176605224609375e+00	4.141914844512939453e-01
1.756862878799438477e+00	3.294892013072967529e-01
1.772549152374267578e+00	2.602627873420715332e-01
1.788235425949096680e+00	2.041744291782379150e-01
1.803921699523925781e+00	1.591054350137710571e-01
1.819607973098754883e+00	1.231839209794998169e-01
1.835294246673583984e+00	9.477449953556060791e-02
1.850980520248413086e+00	7.247360050678253174e-02
1.866666793823242188e+00	5.509389936923980713e-02
1.882353067398071289e+00	4.164330661296844482e-02
1.898039340972900391e+00	3.130286559462547302e-02
1.913725614547729492e+00	2.340444922447204590e-02
1.929411888122558594e+00	1.740912720561027527e-02
1.945098161697387695e+00	1.288507506251335144e-02
1.960784435272216797e+00	9.490988217294216156e-03
1.976470708847045898e+00	6.958246696740388870e-03
1.992156982421875000e+00	5.079146008938550949e-03
2.007843255996704102e+00	3.691314486786723137e-03
2.023529529571533203e+00	2.671476220712065697e-03
2.039215803146362305e+00	1.925912220031023026e-03
2.054902076721191406e+00	1.382901216857135296e-03
2.070588350296020508e+00	9.896119590848684311e-04
2.086274623870849609e+00	7.055025780573487282e-04
2.101960897445678711e+00	5.010843742638826370e-04
2.117647171020507812e+00	3.548295353539288044e-04
2.133333444595336914e+00	2.507145400159060955e-04
2.149019718170166016e+00	1.762366300681605935e-04
2.164705991744995117e+00	1.237194228451699018e-04
2.180392265319824219e+00	8.646466449135914445e-05
2.196078538894653320e+00	6.014016616973094642e-05
2.211764812469482422e+00	4.174163768766447902e-05
2.227451086044311523e+00	2.894003409892320633e-05
2.243137359619140625e+00	2.036054502241313457e-05
2.258823633193969727e+00	1.432002954970812425e-05
2.274509906768798828e+00	9.519604645902290940e-06
2.290196180343627930e+00	6.679187663394259289e-06
2.305882453918457031e+00	4.740018084703478962e-06
2.321568727493286133e+00	3.265269015173544176e-06
2.337255001068115234e+00	2.300417463629855774e-06
2.352941274642944336e+00	1.522839738754555583e-06
2.368627548217773438e+00	7.086293862812453881e-07
2.384313821792602539e+00	5.539743597182678059e-07
2.400000095367431641e+00	4.060004812345141545e-07
2.415686368942260742e+00	1.983661377380485646e-07
2.431372642517089844e+00	2.584482388101605466e-07
2.447058916091918945e+00	1.262719990791083546e-07
2.462745189666748047e+00	0.000000000000000000e+00
2.478431463241577148e+00	1.808484881848926307e-07
2.494117736816406250e+00	-1.178083763875292789e-07
2.509804010391235352e+00	0.000000000000000000e+00
2.525490283966064453e+00	2.249587254254947766e-07
2.541176557540893555e+00	0.000000000000000000e+00
2.556862831115722656e+00	0.000000000000000000e+00
2.572549104690551758e+00	0.000000000000000000e+00
2.588235378265380859e+00	0.000000000000000000e+00
2.603921651840209961e+00	0.000000000000000000e+00
2.619607925415039062e+00	0.000000000000000000e+00
2.635294198989868164e+00	0.000000000000000000e+00
2.650980472564697266e+00	0.000000000000000000e+00
2.666666746139526367e+00	0.000000000000000000e+00
2.682353019714355469e+00	0.000000000000000000e+00
2.698039293289184570e+00	0.000000000000000000e+00
2.713725566864013672e+00	0.000000000000000000e+00
2.729411840438842773e+00	0.000000000000000000e+00
2.745098114013671875e+00	0.000000000000000000e+00
2.760784387588500977e+00	0.000000000000000000e+00
2.776470661163330078e+00	0.000000000000000000e+00
2.792156934738159180e+00	0.000000000000000000e+00
2.807843208312988281e+00	0.000000000000000000e+00
2.823529481887817383e+00	0.000000000000000000e+00
2.839215755462646484e+00	0.000000000000000000e+00
2.854902029037475586e+00	0.000000000000000000e+00
2.870588302612304688e+00	0.000000000000000000e+00
2.886274576187133789e+00	0.000000000000000000e+00
2.901960849761962891e+00	0.000000000000000000e+00
2.917647123336791992e+00	0.000000000000000000e+00
2.933333396911621094e+00	0.000000000000000000e+00
2.949019670486450195e+00	0.000000000000000000e+00
2.964705944061279297e+00	0.000000000000000000e+00
2.980392217636108398e+00	0.000000000000000000e+00
2.996078491210937500e+00	0.000000000000000000e+00
3.011765003204345703e+00	0.000000000000000000e+00
3.027451276779174805e+00	0.000000000000000000e+00
3.043137550354003906e+00	0.000000000000000000e+00
3.058823823928833008e+00	0.000000000000000000e+00
3.074510097503662109e+00	0.000000000000000000e+00
3.090196371078491211e+00	0.000000000000000000e+00
3.105882644653320312e+00	0.000000000000000000e+00
3.121568918228149414e+00	0.000000000000000000e+00
3.137255191802978516e+00	0.000000000000000000e+00
3.152941465377807617e+00	0.000000000000000000e+00
3.168627738952636719e+00	0.000000000000000000e+00
3.184314012527465820e+00	0.000000000000000000e+00
3.200000286102294922e+00	0.000000000000000000e+00
3.215686559677124023e+00	0.000000000000000000e+00
3.231372833251953125e+00	0.000000000000000000e+00
3.247059106826782227e+00	0.000000000000000000e+00
3.262745380401611328e+00	0.000000000000000000e+00
3.278431653976440430e+00	0.000000000000000000e+00
3.294117927551269531e+00	0.000000000000000000e+00
3.309804201126098633e+00	0.000000000000000000e+00
3.325490474700927734e+00	0.000000000000000000e+00
3.341176748275756836e+00	0.000000000000000000e+00
3.356863021850585938e+00	0.000000000000000000e+00
3.372549295425415039e+00	0.000000000000000000e+00
3.388235569000244141e+00	0.000000000000000000e+00
3.403921842575073242e+00	0.000000000000000000e+00
3.419608116149902344e+00	0.000000000000000000e+00
3.435294389724731445e+00	0.000000000000000000e+00
3.450980663299560547e+00	0.000000000000000000e+00
3.466666936874389648e+00	0.000000000000000000e+00
3.482353210449218750e+00	0.000000000000000000e+00
3.498039484024047852e+00	0.000000000000000000e+00
3.513725757598876953e+00	0.000000000000000000e+00
3.529412031173706055e+00	0.000000000000000000e+00
3.545098304748535156e+00	0.000000000000000000e+00
3.560784578323364258e+00	0.000000000000000000e+00
3.576470851898193359e+00	0.000000000000000000e+00
3.592157125473022461e+00	0.000000000000000000e+00
3.607843399047851562e+00	0.000000000000000000e+00
3.623529672622680664e+00	0.000000000000000000e+00
3.639215946197509766e+00	0.000000000000000000e+00
3.654902219772338867e+00	0.000000000000000000e+00
3.670588493347167969e+00	0.000000000000000000e+00
3.686274766921997070e+00	0.000000000000000000e+00
3.701961040496826172e+00	0.000000000000000000e+00
3.717647314071655273e+00	0.000000000000000000e+00
3.733333587646484375e+00	0.000000000000000000e+00
3.749019861221313477e+00	0.000000000000000000e+00
3.764706134796142578e+00	0.000000000000000000e+00
3.780392408370971680e+00	0.000000000000000000e+00
3.796078681945800781e+00	0.000000000000000000e+00
3.811764955520629883e+00	0.000000000000000000e+00
3.827451229095458984e+00	0.000000000000000000e+00
3.843137502670288086e+00	0.000000000000000000e+00
3.858823776245117188e+00	0.000000000000000000e+00
3.874510049819946289e+00	0.000000000000000000e+00
3.890196323394775391e+00	0.000000000000000000e+00
3.905882596969604492e+00	0.000000000000000000e+00
3.921568870544433594e+00	0.000000000000000000e+00
3.937255144119262695e+00	0.000000000000000000e+00
3.952941417694091797e+00	0.000000000000000000e+00
3.968627691268920898e+00	0.000000000000000000e+00
3.984313964843750000e+00	0.000000000000000000e+00
4.000000000000000000e+00	0.000000000000000000e+00
